5,5
122253.296875,76826.929688,18890.783203,32176.568359,6256.464355
101139.906250,90216.671875,51092.304688,30629.080078,74980.351562
96994.179688,1790.885376,98026.054688,51039.433594,32670.691406
22272.232422,45543.179688,105721.750000,81020.945312,47735.300781
69526.296875,79505.492188,26597.115234,112968.953125,23881.177734

5,5
56178.644531,31256.519531,11294.504883,91066.562500,11363.623047
88673.742188,89863.164062,88190.546875,107564.531250,122039.726562
94447.015625,85247.734375,88799.703125,22082.621094,115876.820312
40323.351562,119076.796875,117667.703125,14892.702148,46659.535156
26881.693359,37164.933594,92202.718750,9146.744141,118185.882812

7,1
74234.671875
43078.429688
68185.296875
98115.851562
99257.078125
99441.812500
109410.351562

1 7
66866.937500,110805.429688,74627.398438,33273.398438,75539.289062,58735.226562,31856.429688

10,4
120656.140625,68612.226562,12946.380859,37522.789062
64232.324219,7157.383301,52415.488281,110891.859375
34039.078125,89580.421875,79637.875000,43185.820312
84309.593750,96119.187500,121858.859375,35087.574219
15740.921875,66587.453125,9746.723633,114998.000000
42572.562500,119157.078125,58408.234375,29921.300781
70327.781250,91681.632812,105460.585938,5606.305664
81.365509,28533.488281,26132.570312,120737.500000
97145.710938,39078.949219,34803.585938,37921.335938
46236.335938,87219.078125,25356.492188,80275.414062

4,10
53342.800781,104994.367188,4.531916,14195.698242,77656.859375,121863.398438,49283.273438,93397.773438,64994.144531,59029.996094
84939.070312,107566.710938,54730.371094,19890.611328,14031.310547,1601.451050,111572.242188,119491.898438,7207.756836,111653.609375
24568.683594,33340.328125,108934.406250,121714.390625,72419.273438,20281.296875,36179.027344,118655.609375,107500.375000,61535.519531
75474.328125,37386.472656,43073.183594,75478.851562,51582.167969,120730.039062,73885.546875,100865.437500,90671.117188,15422.991211

2,2
122989.703125,91169.109375
72044.101562,13564.311523

2,2
92770.562500,60159.648438
9599.506836,99978.312500

3 4
9861.943359,33834.269531,32425.884766,82281.226562
54115.566406,68604.914062,77480.132812,38159.238281
6683.730957,29497.753906,75545.710938,49756.917969

4,3
104976.609375,3671.177002,47030.257812
55405.457031,104536.617188,14244.674805
70828.453125,17518.652344,66398.171875
70361.453125,108687.757812,14985.574219

9,5
75145.218750,93525.265625,54523.238281,45.084602,4236.756836
64385.183594,33879.355469,36662.640625,23209.703125,87994.921875
105267.554688,100689.835938,2697.459961,111951.281250,6730.890625
78243.164062,38251.500000,111707.500000,81914.343750,85281.757812
43656.257812,62994.261719,99526.429688,114484.703125,80512.914062
42467.898438,61389.453125,65743.976562,57453.476562,21858.513672
20288.900391,9141.998047,115383.781250,74812.140625,9187.083008
119620.531250,15740.622070,43066.437500,32826.476562,38950.328125
7604.659180,14637.330078,16183.460938,10302.119141,3131.913574

6,9
22914.351562,88545.281250,41383.414062,11165.152344,47002.933594,3208.468506,54821.410156,109997.195312,102734.898438
45849.414062,67053.414062,21746.097656,107238.867188,9340.689453,79199.570312,5640.682129,29629.589844,88341.570312
121024.460938,104441.726562,97528.656250,117188.296875,120182.351562,17138.390625,26558.076172,35675.976562,24743.048828
41195.402344,51859.441406,35045.167969,44327.320312,74773.789062,133.755295,85710.734375,85938.945312,47136.687500
88919.203125,17303.654297,33677.183594,68197.398438,63153.070312,100730.593750,89943.500000,46935.238281,110071.289062
45686.371094,52575.921875,16244.174805,10571.239258,50143.679688,120685.906250,108099.890625,43875.281250,117411.554688

8,1
29630.833984
26524.630859
111628.765625
81490.273438
61569.796875
32499.378906
32807.367188
61703.554688

1,8
118210.109375,118746.312500,108840.250000,83672.609375,12593.260742,19060.724609,28413.308594,75746.328125

4,8
122681.570312,106405.906250,40586.476562,51800.789062,122650.078125,51157.718750,101944.468750,119879.281250
35800.906250,22363.052734,113834.140625,37582.492188,92796.406250,20008.271484,64107.125000,80968.468750
101498.539062,2220.222168,113467.843750,10849.208008,63923.777344,108221.257812,6138.816895,49307.316406
68437.164062,18732.078125,68368.046875,96850.476562,94478.406250,64702.664062,91750.585938,93703.273438

8,4
47651.871094,8880.361328,22047.367188,46845.246094
60038.078125,535.137573,43267.828125,95838.992188
22898.189453,33645.265625,9964.779297,115694.601562
53653.539062,74071.906250,73206.367188,31695.382812
76292.125000,63217.507812,42544.589844,16759.201172
47982.066406,48683.410156,66066.523438,116419.234375
67415.492188,10977.865234,89813.007812,38437.195312
75680.531250,58106.894531,8683.772461,123332.398438

7,1
46720.949219
3568.636475
31266.273438
89988.781250
99407.625000
54164.468750
177.346741

1,7
109372.406250,46402.363281,53830.886719,59987.605469,119608.718750,85526.265625,12823.027344

7,1
29582.226562
107351.601562
53297.570312
95648.750000
100314.140625
120713.054688
106626.609375

1,7
66670.445312,35693.554688,58850.445312,1320.642212,44377.324219,58726.144531,68307.906250
